SetDesc: "CTEQ6 NLO fit, with error set. Corresponds to LHAPDF5's cteq6 or cteq6mE set, with central member equivalent to LHAPDF5's cteq6m. mem=0 => central value; mem=1-40 => +- error sets."
SetIndex: 10000
Authors: J. Pumplin, D.R. Stump, J. Huston, H.L. Lai, P. Nadolsky, W.K. Tung
Reference: arXiv:hep-ph/0201195
Format: lhagrid1
DataVersion: -1
NumMembers: 41
Particle: 2212
Flavors: [-5, -4, -3, -2, -1, 1, 2, 3, 4, 5, 21]
OrderQCD: 1
ForcePositive: 1
FlavorScheme: variable
NumFlavors: 5
ErrorType: hessian
ErrorConfLevel: 90
XMin: 1e-06
XMax: 1
QMin: 1.3
QMax: 10000
MZ: 91.1876
MUp: 0
MDown: 0
MStrange: 0
MCharm: 1.3
MBottom: 4.5
MTop: 180
AlphaS_MZ: 0.117982
AlphaS_OrderQCD: 1
AlphaS_Type: ipol
AlphaS_Qs: [1.300000e+00, 1.531030e+00, 1.830930e+00, 2.226520e+00, 2.757570e+00, 3.484320e+00, 4.500000e+00, 6.123360e+00, 8.600960e+00, 1.251130e+01, 1.891580e+01, 2.984280e+01, 4.934580e+01, 8.593270e+01, 9.118760e+01, 1.584460e+02, 3.111550e+02, 6.550330e+02, 1.488850e+03, 3.682710e+03, 1.000000e+04]
AlphaS_Vals: [3.965404e-01, 3.556445e-01, 3.207890e-01, 2.906438e-01, 2.642507e-01, 2.409059e-01, 2.200849e-01, 2.016718e-01, 1.848029e-01, 1.693286e-01, 1.551206e-01, 1.420679e-01, 1.300728e-01, 1.190485e-01, 1.179816e-01, 1.089173e-01, 9.960871e-02, 9.105863e-02, 8.320831e-02, 7.600377e-02, 6.939502e-02]
AlphaS_Lambda4: 0.326
AlphaS_Lambda5: 0.226
Note: Corresponds to LHAPDF5's cteq6 or cteq6mE; central member equivalent to cteq6m.
