SetDesc: 'DSSFFlo. This set has 9999 member PDFs. mem=0 --> central set'
SetIndex: 90000 
Authors: TL
Reference: arXiv:0000.00000
Format: lhagrid1
DataVersion: 1
NumMembers: 9999
Particle: 0
Flavors: [-5, -4, -3, -2, -1, 1, 2, 3, 4, 5, 21]
ForcePositive: 1
OrderQCD: 0
FlavorScheme: variable
NumFlavors: 5
XMin: 1.000000e-02
XMax: 1
QMin: 1.000000e+00
QMax: 9.9
MZ: 91.1876
MUp: 0
MDown: 0
MStrange: 0
MCharm: 1.3
MBottom: 4.75
MTop: 172
AlphaS_MZ: 0.118000
AlphaS_OrderQCD: 1
AlphaS_Type: ipol
AlphaS_Qs:  [1.295000e+00, 1.298750e+00, 1.464610e+00, 1.659240e+00, 1.890670e+00, 2.167490e+00, 2.500670e+00, 2.904300e+00, 3.396640e+00, 4.001450e+00, 4.750000e+00, 5.767150e+00, 7.070720e+00, 8.758190e+00, 1.096570e+01, 1.388560e+01, 1.779290e+01, 2.308550e+01, 3.034710e+01, 4.044480e+01, 5.468640e+01, 7.507240e+01, 1.047120e+02, 1.485170e+02, 2.143800e+02, 3.152120e+02, 4.725370e+02, 7.229460e+02, 1.129950e+03, 1.806160e+03, 2.955930e+03, 4.958860e+03, 8.538140e+03, 1.510790e+04, 2.751070e+04, 5.162750e+04, 1.000000e+05]
AlphaS_Vals: [3.728200e-01, 3.721250e-01, 3.478330e-01, 3.259740e-01, 3.060250e-01, 2.877460e-01, 2.709380e-01, 2.554320e-01, 2.410870e-01, 2.277810e-01, 2.154100e-01, 2.041230e-01, 1.935180e-01, 1.835400e-01, 1.741450e-01, 1.652890e-01, 1.569340e-01, 1.490460e-01, 1.415920e-01, 1.345460e-01, 1.278790e-01, 1.215680e-01, 1.155910e-01, 1.099270e-01, 1.045580e-01, 9.946590e-02, 9.463470e-02, 9.004940e-02, 8.569610e-02, 8.156170e-02, 7.763420e-02, 7.390220e-02, 7.035520e-02, 6.698320e-02, 6.377710e-02, 6.072790e-02, 5.782770e-02]
